Genus_id	BG1	BG2	BG3	BP1	BP2	BP3	BS1	BS2	BS3	RG1	RG2	RG3	RP1	RP2	RP3	RS1	RS2	RS3
Acaryochloris	2697	3620	4500	142	445	136	218	103	474	3	3	2	0	0	0	15	13	18
Acetobacter	367	331	309	217	362	254	112	64	126	300	304	294	126	106	135	43	41	49
Achromobacter	7379	2397	1962	3716	5590	8778	4445	4418	8008	1523	1013	1504	5954	5575	4294	2654	3654	3178
Acidimicrobidae	47	117	118	18	38	30	620	382	684	235	140	74	35	22	23	1567	1866	2154
Acidiphilium	83	102	137	80	102	489	635	474	575	102	85	41	147	189	185	703	880	931
Acidovorax	1192	629	1143	1238	1365	5857	4997	3023	5883	419	329	188	2048	1917	1890	2762	3767	3741
Acinetobacter	333	424	227	1386	571	2129	1993	281210	3341	631	333	720	1396	4349	4692	5338	4753	5789
Actinoplanes	418	573	731	851	602	1392	3328	2028	3013	1038	672	448	298	289	267	8047	9866	11624
Actinosynnema	77	123	140	296	74	247	641	367	589	200	182	82	69	74	64	1696	2166	2659
Aeromonas	1585	951	1279	7418	7508	10698	2599	1572	1513	132	91	74	3250	1774	3118	663	926	942
Agrobacterium	787	1260	1807	847	1442	2516	14229	7168	70292	307	220	140	709	1090	620	2871	3931	4053
Agromonas	189	156	211	501	483	931	1033	799	1042	109	76	55	185	194	204	894	1102	1103
Alicycliphilus	262	155	271	313	266	1854	1222	723	1607	147	100	60	578	634	554	821	1196	1072
Alteromonas	1283	1344	541	2129	3631	1119	782	878	645	368	242	624	798	192	510	287	281	298
Amycolatopsis	137	311	348	685	674	878	1519	876	1482	540	336	216	265	142	239	5049	5490	6751
Anabaena	3357	3900	4287	234	907	329	501	228	694	1097	1280	608	105	83	121	203	253	225
Anaerobaculum	1378	2155	2390	93	367	110	187	116	376	650	720	291	39	42	69	84	66	81
Anaeromyxobacter	127	186	252	128	104	417	1345	891	1323	327	234	131	132	138	151	2781	3288	3675
Arthrobacter	764	1483	1566	556	750	964	8362	5141	8291	3799	2753	1833	387	340	402	30809	34963	46346
Arthrospira	5434	5228	5995	277	1099	290	370	203	864	705	816	261	51	47	74	64	65	72
Aster	139	225	221	10	41	17	71	35	77	203	160	354	104	93	79	22	37	30
Atopobium	1437	1629	1830	73	321	92	150	67	300	262	262	119	10	17	17	47	60	59
Azoarcus	385	165	363	539	641	2122	1378	1205	1037	239	178	117	1245	1270	1310	1333	1681	1791
Azorhizobium	123	125	138	269	206	916	664	597	806	67	59	41	179	179	193	735	1041	999
Azospirillum	1173	671	907	1197	1329	3981	2305	2252	2481	723	572	488	1099	1069	1060	3055	4142	4099
Azotobacter	4279	780	1581	6376	4220	32541	2365	5234	744	137	77	112	4490	4390	3837	615	737	799
Bacillus	147551	459803	286552	23419	24924	37652	5768	4768	6991	35004	23858	15200	15424	6460	3678	10938	12413	12764
Beutenbergia	69	151	170	8	15	20	819	496	1185	233	151	87	14	22	24	1969	2424	2880
Bifidobacterium	78	107	126	231	110	292	589	288	598	137	83	62	70	109	148	1052	1347	1515
Blastococcus	151	276	368	51	36	146	1300	611	1048	514	394	235	42	37	18	4803	6094	6474
Bordetella	1128	422	533	1618	1795	4898	1715	1342	2444	353	228	163	2157	2091	2057	1476	1998	1974
Borrelia	3229	4371	5162	191	745	219	436	235	781	920	999	721	155	128	130	169	187	195
Brachybacterium	106	162	164	28	25	138	880	547	839	302	220	129	22	32	27	2830	3318	4589
Brachyspira	135	170	166	20	21	8	116	97	90	162	131	199	92	44	60	82	143	110
Bradyrhizobium	734	930	1115	740	870	2843	6487	4975	7070	644	413	280	809	787	949	5282	6628	6728
Brevibacillus	307	334	324	23	66	23	233	150	207	731	628	923	177	134	162	241	282	297
Brevundimonas	74	157	229	44	56	188	1088	654	1891	112	74	54	322	140	157	1388	2955	2102
Buchnera	1895	2391	2368	229	513	184	953	766	1299	3050	2425	4415	1647	771	1136	1852	2354	2285
Burkholderia	6292	3354	5333	10285	13125	26524	14181	12646	9983	2088	1625	1057	14482	13010	14096	9791	12741	13153
Caldicellulosiruptor	99	130	132	16	31	24	97	67	82	237	198	360	65	74	72	83	100	87
Cardinium	2700	2828	3562	95	402	123	211	146	499	616	677	272	45	32	67	64	62	57
Carnobacterium	27	45	29	1	4	12	162	139	183	411	285	191	41	21	15	9143	4198	5825
Carsonella	2244	2964	2920	279	933	194	1169	1080	1309	3687	2961	4876	1640	1068	1442	631	735	733
Catenulispora	132	117	152	29	91	157	765	412	775	285	171	122	70	64	95	2262	2693	3515
Caulobacter	382	360	531	574	588	2449	2245	1715	2868	357	244	209	680	2901	635	2492	3838	3270
Cellulomonas	161	347	424	30	31	104	1891	952	2008	486	328	240	44	38	42	4255	5280	6311
Cellvibrio	304	169	249	166	212	654	855	498	1922	240	150	108	224	228	217	1809	2192	2608
Chromobacterium	407	130	194	640	748	2730	749	543	395	111	66	34	989	860	909	494	615	664
Chthonomonas	77	81	67	7	41	10	19	12	17	482	500	483	128	158	208	55	41	43
Citrobacter	5120	4792	20595	43864	53885	44348	8690	845	7254	147	138	153	19805	7553	19561	852	1668	1139
Clavibacter	386	999	1186	72	56	189	6014	2729	4950	534	365	274	47	78	62	6911	7854	9138
Collimonas	440	261	367	1250	1749	2487	1429	1017	1062	704	553	684	3356	3019	3348	921	1276	1296
Comamonas	178	66	194	342	459	1542	561	513	835	61	33	24	408	370	422	336	495	517
Conexibacter	180	402	464	50	54	76	2219	1304	1924	794	547	337	46	45	47	8213	9698	10770
Corallococcus	109	141	142	165	617	349	699	425	612	90	67	35	103	61	77	797	1046	1161
Corynebacterium	245	235	347	272	264	1148	1614	938	1477	476	309	204	312	188	217	3637	4198	5017
Crinalium	2519	2734	3409	93	331	119	396	269	602	530	596	244	45	57	50	60	53	72
Croceibacter	304	310	301	29	144	25	43	30	136	720	636	687	218	302	244	65	65	92
Cronobacter	8862	8932	20151	80177	100318	68956	15237	1160	15476	214	177	275	34023	14092	31512	979	3139	1372
Cupriavidus	1098	354	581	2715	2629	5567	1875	2116	1663	351	233	173	2977	2429	2536	1493	1953	1962
cyanobacterium	25	41	35	0	17	2	64	51	79	699	811	420	74	42	51	63	52	58
Deinococcus	220	151	226	598	695	1340	795	528	814	188	108	72	323	324	365	1315	1614	1947
Delftia	805	384	714	739	979	4926	3011	8676	17719	186	132	79	1123	28288	943	1252	1758	1651
Desulfobacula	726	453	543	61	266	104	33	23	70	1301	1181	1124	336	416	486	62	61	46
Desulfovibrio	499	184	371	710	696	2170	844	449	864	181	100	90	606	423	496	1209	1519	1502
Dickeya	5807	5997	8016	48700	61948	40077	9738	1111	8689	156	171	269	25525	8357	19291	789	2209	1172
Dyadobacter	94	55	96	38	43	66	502	401	927	42	18	15	36	23	31	320	636	437
Edwardsiella	1479	1958	2092	12545	19421	12848	3776	327	3661	78	55	69	6802	3006	5842	446	906	561
Ehrlichia	70	50	65	3	20	4	43	79	60	176	150	255	69	45	66	74	77	75
Enterobacter	25615	26078	139418	233821	380014	480658	53162	16541	40752	1012	941	1117	134369	44689	146236	7996	11182	9370
Enterobacteriaceae	2225	2423	11998	20868	23552	22648	4665	846	3346	64	70	109	11983	3732	10557	356	740	399
Enterococcus	27	332	71	95	90	99	370	294	509	113	115	48	16	52	27	1532	1633	2107
Erwinia	21563	23919	18705	189560	270720	150072	124846	2230	36123	1194	554	948	110253	34251	74858	2474	9144	3697
Erythrobacter	340	378	425	48	151	136	805	493	845	134	71	55	148	72	72	1070	1297	1356
Escherichia	8274	9801	17620	58181	56333	44668	9367	1257	9067	2477	2166	3807	26076	9668	22028	1624	2859	2123
Exiguobacterium	53	111	113	10	24	19	846	581	760	2369	2715	2012	50794	42266	21279	10204	12276	14498
Flavobacteriaceae	34	40	28	2	1	1	949	254	1614	55	43	40	87	34	31	444	567	1542
Flavobacterium	281	342	344	53	109	12	3745	2617	4574	271	175	167	61	59410	37	1283	1771	1840
Frankia	297	381	508	123	261	371	2416	1391	2213	824	551	321	181	170	175	6451	7788	9214
Geobacillus	2214	3265	3891	166	606	243	432	341	604	354	336	270	124	105	103	902	1093	1129
Geobacter	201	170	307	335	411	1243	803	725	720	184	128	73	337	366	445	1270	1541	1691
Geodermatophilus	151	359	381	45	55	136	1531	931	1198	585	348	241	38	58	33	5007	6063	6666
Gordonia	159	207	272	308	288	729	1202	574	1101	290	262	156	138	120	145	2629	3107	3948
Haemophilus	207	814	336	281	838	256	433	384	463	282	236	359	651	201	421	508	664	607
Haliangium	112	184	189	165	139	618	776	503	616	286	200	133	172	186	159	1872	2463	2296
Halothece	979	531	587	45	216	49	59	28	138	893	1007	721	130	118	176	46	39	43
Hamiltonella	300	299	245	753	532	1048	44	25	188	285	311	268	194	167	172	82	105	110
Helicobacter	299	399	415	40	72	125	327	196	273	545	457	779	244	196	229	204	277	219
Herbaspirillum	579	233	399	1420	2206	5114	1499	859	1143	476	359	176	3939	3768	3904	1067	1472	1501
Herminiimonas	250	144	88	766	1000	866	314	149	420	109	74	36	953	752	859	248	323	329
Hirschia	278	289	294	24	116	24	40	22	47	646	569	581	344	241	293	49	45	35
Hodgkinia	15	18	24	2	7	3	60	44	29	208	186	280	108	63	93	56	84	55
Hyphomicrobium	171	255	297	286	515	348	1539	1193	1623	212	152	75	187	190	274	1695	2072	2279
Intrasporangium	107	235	286	14	23	35	1491	709	1269	780	508	320	18	9	10	5105	5627	7877
Isoptericola	119	198	210	26	75	93	1056	479	1122	280	194	120	16	31	40	2433	3043	3764
Janthinobacterium	123	112	144	148	308	476	579	525	496	103	64	38	927	757	837	224	303	309
Ketogulonicigenium	90	66	102	86	257	199	393	268	5035	35	22	11	147	77	128	221	289	339
Kineococcus	142	252	331	27	21	157	1368	696	1170	298	176	123	46	58	16	2336	2872	3484
Kitasatospora	58	143	171	57	48	132	770	392	682	267	191	116	52	67	40	2307	2659	3087
Klebsiella	10062	12378	30767	89563	111440	103701	20063	1962	19371	319	285	345	39014	17316	38047	1668	3800	2284
Kocuria	37	102	96	54	10	136	374	220	421	270	161	150	16	15	28	1552	1937	2391
Kribbella	138	256	316	47	43	140	1530	912	1323	754	465	316	55	51	47	6324	7221	9210
Kytococcus	47	91	106	8	12	58	521	247	506	173	86	72	20	23	22	1435	1607	2148
Lactococcus	154	264	271	14	31	11	183	300	199	251	217	299	78	62	46	1829	1932	5672
Lawsonia	207	273	267	14	23	18	172	106	147	442	370	731	200	122	215	182	236	202
Leifsonia	80	233	283	18	16	34	1562	746	1574	215	128	107	14	23	16	2077	2517	3134
Leptospira	267	365	353	32	66	24	228	148	207	545	448	792	184	124	151	132	206	136
Leptothrix	156	194	337	526	548	1461	1360	1110	1572	220	152	88	883	897	1049	1180	1483	1505
Magnetospirillum	194	170	233	803	727	1375	815	575	794	140	86	66	261	297	282	976	1229	1157
Mesorhizobium	584	629	843	906	1159	2547	4345	3292	4998	685	486	314	696	761	696	6193	8308	8242
Methylibium	181	228	336	151	234	848	1495	1104	1775	193	138	67	573	569	599	1134	1430	1338
Methylobacterium	3660	8050	10187	1556	1589	6491	42357	25087	42369	986	721	539	1473	1235	1266	7491	9306	9972
Microbacterium	252	617	831	39	39	93	4058	1898	4838	378	278	149	20	45	33	4046	5039	6168
Micrococcus	73	103	110	28	14	106	557	314	557	192	143	120	24	23	9	1559	1934	2262
Microcystis	6113	7486	8659	303	1281	373	443	280	1133	418	511	244	107	43	82	65	70	69
Microlunatus	52	113	179	22	27	51	757	396	692	216	153	135	35	22	28	1782	2113	2633
Micromonospora	65	173	196	20	30	104	872	661	799	425	300	181	70	85	79	2903	3757	4485
Modestobacter	179	369	493	25	14	106	1761	894	1418	526	341	208	63	43	41	4435	5394	6081
Mycobacterium	1028	1777	2329	934	1125	2383	10237	6487	9879	3305	2189	1466	856	760	800	26879	31109	37294
Mycoplasma	5337	5872	5938	526	1553	381	2984	2168	3056	8083	6995	11626	3201	2147	2866	2216	3493	2282
Myxococcus	164	153	291	169	63	746	1398	1303	1319	225	143	65	173	160	200	1908	2249	2594
Nakamurella	113	119	207	79	38	327	852	466	781	228	136	90	38	42	48	1697	1910	2589
Neisseria	6088	7385	7402	643	1721	823	7215	6476	6679	19319	16652	33346	7830	5466	6476	9779	11524	9311
Nitrobacter	123	185	184	76	59	210	1357	972	1371	206	155	71	125	102	116	1786	1927	2108
Nitrosococcus	69	43	46	174	141	187	105	58	85	761	861	331	172	107	189	128	164	163
Nocardia	172	231	284	121	192	525	1478	996	1338	469	346	192	244	157	197	3863	4570	5590
Nocardioides	392	917	1061	77	31	230	4931	2918	4418	2360	1605	1095	57	48	27	22304	25114	31983
Nocardiopsis	127	223	272	63	72	324	1301	679	1119	447	250	150	128	80	74	3588	4993	5257
Nostoc	2443	2983	3202	152	574	181	682	402	768	1552	1714	1039	242	228	239	260	305	322
Novosphingobium	340	365	525	254	219	850	2335	1513	2472	280	194	128	394	259	299	2297	3201	3028
Oscillatoria	3474	5012	6001	184	960	242	811	551	1195	751	833	403	207	135	200	484	460	549
Paenibacillus	1932	1837	1912	270	623	15589	638	867	613	514	551	447	909	713	1369	912	1080	1181
Pandoraea	295	80	163	556	698	1237	540	984	471	99	76	39	845	709	830	412	538	573
Pantoea	1006116	925213	449750	8769147	9836459	6217648	699613	44952	1485756	7566	11563	11393	1519210	957876	1560839	15187	54396	28491
Parachlamydia	106	126	125	11	38	20	130	131	144	259	218	398	92	61	98	89	127	102
Paracoccus	315	276	412	773	380	1782	2001	1099	2500	253	179	126	247	344	307	1925	2605	3382
Pectobacterium	4683	5256	7779	38951	50929	29770	8174	1072	6200	172	170	275	26888	7210	17327	973	2213	1267
Pedobacter	64	85	51	172	134	192	668	473	1167	50	41	14	16	229	10	353	545	619
Phenylobacterium	80	151	203	126	96	751	966	676	1158	196	133	63	190	230	179	1649	2384	2094
Phytoplasma	566	774	907	46	81	45	235	191	327	777	538	1217	395	310	380	105	116	105
Plautia	15077	14172	8798	132282	162818	98880	18507	1121	23046	276	313	610	66453	21460	48844	624	3478	1686
Polaromonas	564	350	437	1070	1694	2976	1721	1622	2114	213	144	79	1478	1234	1344	1139	1638	1581
Polymorphum	138	112	143	163	100	725	855	540	969	134	120	68	126	168	173	1266	1606	1611
Prevotella	81	54	66	28	57	58	119	76	152	338	274	467	177	172	182	224	261	255
Prochlorococcus	40	37	33	65	11	63	38	32	65	549	709	416	54	57	62	79	83	98
Propionibacterium	368	388	403	161	355	562	1400	874	1326	496	416	559	88	106	61	4219	4936	5834
Pseudogulbenkiania	496	232	279	1664	1594	3737	740	702	664	116	86	53	1177	1041	1157	510	680	681
Pseudomonas	805882	104096	752591	616807	711816	1644040	1643055	2557991	133419	13779	11193	20143	1937613	1476603	1331236	72290	97355	122562
Pseudonocardia	94	136	248	27	22	72	1037	647	886	355	223	132	39	46	13	2960	3422	4415
Pseudoxanthomonas	559	305	564	983	654	3459	3125	2511	5737	420	299	186	866	877	878	3168	4342	4719
Psychrobacter	39	77	40	39	223	133	134	89	111	356	338	206	348	280	704	3673	4078	5146
Rahnella	5073	6096	5826	42513	90337	35665	10179	1049	8411	155	135	262	26181	8266	19052	716	2205	942
Ralstonia	2344	1010	1424	4671	5754	12211	4789	4114	4145	863	702	393	6989	6331	7091	3684	4888	4995
Ramlibacter	194	273	469	248	275	1637	2182	1464	2761	327	233	156	917	713	803	1855	2356	2678
Raoultella	2974	2708	9496	25355	29730	25004	5417	507	4318	77	68	100	11371	3803	9443	412	859	526
Rhizobium	1363	1816	2660	2469	2633	5599	15922	10915	26742	671	489	309	1170	3939	1209	5660	7824	7476
Rhodanobacter	234	115	242	536	419	1621	806	797	1190	211	124	70	462	451	459	1190	1578	1717
Rhodobacter	341	335	469	352	446	1419	2811	1366	3821	314	213	131	470	321	419	2598	3456	3977
Rhodococcus	282	575	714	249	354	1012	3614	2343	3619	1249	862	392	196	206	211	9809	10978	13710
Rhodopseudomonas	825	825	1116	770	828	2269	5381	4344	5470	609	440	246	943	877	1033	4890	6404	6337
Rhodospirillum	343	209	284	674	593	1846	1173	765	1174	184	151	59	327	406	425	1512	1950	1945
Rubrivivax	247	252	364	542	422	1966	1543	1095	1660	246	175	115	927	872	922	1346	1707	1813
Rubrobacter	16	48	54	7	7	19	279	175	209	74	25	34	8	16	31	715	789	896
Saccharomonospora	29	97	93	19	35	205	556	319	465	157	97	31	17	18	7	1179	1629	1791
Saccharopolyspora	104	147	214	60	75	199	751	517	658	299	188	94	85	77	77	2372	2779	3463
Saccharothrix	78	106	144	21	27	72	714	363	643	253	159	88	48	55	54	2142	2572	3092
Salinispora	74	70	98	23	12	109	531	284	458	214	153	109	13	25	37	1637	2018	2225
Salmonella	5948	6214	20658	51552	68112	47641	7959	871	10792	712	557	983	27199	9904	22258	1062	2484	1321
Sanguibacter	138	338	365	36	9	132	2473	3522	4782	300	200	143	69	58	75	3288	3784	4897
Serratia	17418	19041	20558	144193	193701	116076	41480	4717	26457	886	740	1257	67505	26441	57079	4030	8544	5994
Shewanella	694	1487	881	3761	4777	4092	1313	1258	1044	91	86	121	5691	1226	3206	831	1041	853
Singulisphaera	53	82	91	28	43	105	584	303	548	66	49	34	41	60	86	783	940	912
Sinorhizobium	412	438	590	333	480	1519	3420	2146	4311	1018	788	824	813	860	733	5631	7338	7440
Solibacillus	36	85	77	2	7	7	296	232	271	447	889	326	14	10	12	1885	1972	2523
Sorangium	177	313	363	142	281	401	1767	1376	1758	322	222	168	194	183	163	2369	2963	3090
Sphaerobacter	13	57	111	32	15	151	330	172	267	98	70	27	14	19	39	923	1123	1294
Sphingobium	412	625	863	491	581	1000	3475	2062	3838	382	226	136	289	742	328	3173	3910	3951
Sphingomonas	495	956	1234	235	225	1222	5003	3351	5034	641	448	262	240	505	271	5624	7076	6982
Sphingopyxis	152	282	431	26	62	111	1657	1159	1634	200	176	93	39	103	69	1967	2541	2598
Spirochaeta	20	35	30	6	10	12	152	88	110	275	212	388	147	101	97	269	366	306
Spiroplasma	1040	1243	1215	87	218	78	471	371	542	1518	1270	2295	543	353	498	328	412	380
Spirosoma	0	14	21	4	49	23	149	101	181	5	15	3	5	6	17	117	161	185
Stackebrandtia	46	107	119	42	47	144	464	330	410	178	106	84	40	54	55	1226	1529	1829
Staphylococcus	207	340	323	19	25	46	2350	1940	2236	844	704	465	25	27	21	2505	3003	3378
Starkeya	176	177	239	190	198	826	1184	801	1148	188	142	67	203	201	210	1410	1746	1779
Stenotrophomonas	1547	968	2035	2642	2765	4700	14126	7745	51553	591	467	268	1939	39637	2020	4089	7089	9310
Streptococcus	386	511	515	121	207	107	488	394	525	414	337	515	326	195	252	647	657	769
Streptomyces	1382	2534	3298	1362	1348	3363	15767	9058	13587	7830	5337	3537	1054	1041	1221	49902	62145	70507
Streptosporangium	110	161	197	44	119	157	955	551	881	327	246	128	71	44	49	2601	3198	3774
Sulcia	829	1023	969	143	538	142	1228	813	947	1730	1383	2592	839	478	561	517	906	594
Synechococcus	16795	19833	23981	942	3197	1477	1613	974	3251	3463	3986	1803	338	286	421	572	570	628
Synechocystis	2992	4258	5180	147	606	217	279	132	582	529	558	242	41	42	42	51	41	49
Thauera	282	127	177	524	774	1400	739	451	701	140	114	50	765	735	707	827	1057	1139
Thermoanaerobacter	187	228	208	17	54	18	139	110	140	679	547	894	167	116	176	104	129	129
Thermobifida	115	288	254	23	19	51	1514	866	1309	106	84	53	17	10	8	1002	1192	1578
Thermobispora	330	477	602	38	43	60	739	385	697	236	136	91	23	14	24	1886	2253	2676
Thermodesulfobium	359	396	500	26	103	24	47	33	90	259	261	122	25	19	33	29	22	36
Thermodesulfovibrio	319	293	311	16	161	31	20	11	29	541	485	494	131	153	170	34	29	18
Thermomonospora	43	134	159	47	114	276	683	378	618	220	170	121	61	64	44	2044	2423	2927
Thermosynechococcus	13	20	44	10	2	88	60	29	67	801	933	406	64	51	76	92	65	87
Thermotoga	2597	2741	3238	125	494	165	250	132	507	627	770	318	57	43	68	99	86	98
Thioalkalivibrio	577	240	267	1328	1398	3765	870	608	692	138	109	65	762	729	712	985	1261	1340
Tistrella	1929	1372	1651	596	976	1036	921	612	865	1199	1024	954	327	317	332	886	1096	1170
Tsukamurella	57	61	83	205	278	193	371	300	317	97	77	50	74	64	56	822	935	1135
Variovorax	1146	1204	2239	1520	1507	5744	8195	5985	9705	691	511	279	2491	2247	2302	6395	19276	6054
Verminephrobacter	314	257	305	400	411	1044	833	495	924	162	135	160	607	356	446	541	781	727
Verrucosispora	127	113	150	87	51	364	650	360	524	241	153	108	36	61	42	1808	2036	2655
Vibrio	640	1270	1416	4711	5726	3473	1197	381	928	84	87	131	6164	1209	3404	762	939	798
Xanthobacter	113	104	209	311	263	984	690	517	784	106	86	72	200	194	231	796	1090	1142
Xanthomonas	4398	1369	2868	21402	4271	10173	7551	7101	13482	1063	936	1040	4137	11720	4247	4709	6505	6943
Xylanimonas	46	137	151	10	6	59	752	394	867	239	138	104	16	14	17	1833	2255	2674
Yersinia	1575	2280	2453	12556	20859	11650	2510	340	2540	104	94	189	12817	2888	7105	500	975	580
